10312-3   619   638   96
10983-1   401   454   62
10983-4   453   447   77
12228-1   469   526   80
13052-1   416   507   80
13052-2   450   539   83
13052-4   470   637   79
13052-6   369   591   77
13132-1   432   547   73
14298     554   592   80
15655-1   554   612   76
15655-10  604   649   73
15655-3   671   649   78
15655-4   638   739   81
15655-5   655   750   82
15655-6   655   795   80
15655-8   621   717   78
15655-9   671   661   82
15946-1   486   491   69
15946-2   474   535   76
15946-3   533   582   72
15946-4   537   637   74
15946-6   503   661   74
15946-7   429   624   77
15946-8   478   616   67
16589-1   571   705   79
16589-3   386   552   78
16589-4   379   548   74
16589-5   548   577   76
17965-3   587   571   81
17965-4   655   614   79
17965-5   604   672   75
17965-6   553   861   75
1801      416   580   75
1801-3    383   570   81
1801-4    335   570   83
1801-5    302   536   74
2217-1    452   482   79
23689-1   436   588   73
23689-2   485   523   82
3788-2    449   478   73
4557      503   571   82
5587-5    487   639   80
7679-6    537   515   70
9647-1    430   582   79
9647-2    401   578   85
9647-3    401   616   79
9647-4    454   581   69
9647-5    409   536   78
9647-6    420   581   71
